;uid[1];codeType[1];libelle[1];libelleEdition[1];libelleAbrege[1];libelleAbrev[1];viMoDe[1];viMoDe[1]/dateDebut[1];viMoDe[1]/dateAgrement[1];viMoDe[1]/dateFin[1];organeParent[1];chambre[1];regime[1];legislature[1];numero[1];lieu[1];lieu[1]/region[1];lieu[1]/region[1]/type[1];lieu[1]/region[1]/libelle[1];lieu[1]/departement[1];lieu[1]/departement[1]/codeNatureDep[1];lieu[1]/departement[1]/code[1];lieu[1]/departement[1]/libelle[1]
;PO51082;CIRCONSCRIPTION;5ème circonscription de la Gironde;de la circonscription;33 Gironde (° 5°);CIRCO;;1968-07-11;;1973-04-01;;;5ème République;4;5;;;Métropolitain;Nouvelle-Aquitaine;;M;33;Gironde
