;uid[1];codeType[1];libelle[1];libelleEdition[1];libelleAbrege[1];libelleAbrev[1];viMoDe[1];viMoDe[1]/dateDebut[1];viMoDe[1]/dateAgrement[1];viMoDe[1]/dateFin[1];organeParent[1];chambre[1];regime[1];legislature[1];numero[1];lieu[1];lieu[1]/region[1];lieu[1]/region[1]/type[1];lieu[1]/region[1]/libelle[1];lieu[1]/departement[1];lieu[1]/departement[1]/codeNatureDep[1];lieu[1]/departement[1]/code[1];lieu[1]/departement[1]/libelle[1]
;PO52880;CIRCONSCRIPTION;2ème circonscription de la Vienne;de la circonscription;86 Vienne (° 2°);CIRCO;;1978-04-03;;1981-05-22;;;5ème République;6;2;;;Métropolitain;Nouvelle-Aquitaine;;M;86;Vienne
