;uid[1];codeType[1];libelle[1];libelleEdition[1];libelleAbrege[1];libelleAbrev[1];viMoDe[1];viMoDe[1]/dateDebut[1];viMoDe[1]/dateAgrement[1];viMoDe[1]/dateFin[1];organeParent[1];chambre[1];regime[1];legislature[1];numero[1];lieu[1];lieu[1]/region[1];lieu[1]/region[1]/type[1];lieu[1]/region[1]/libelle[1];lieu[1]/departement[1];lieu[1]/departement[1]/codeNatureDep[1];lieu[1]/departement[1]/code[1];lieu[1]/departement[1]/libelle[1]
;PO839603;CIRCONSCRIPTION;1ère circonscription de la Nièvre;de la circonscription;58 Nièvre (° 1°);CIRCO;;2024-07-01;;;;;5ème République;17;1;;;Métropolitain;Bourgogne-Franche-Comté;;M;58;Nièvre
